0.586667
0.255937
0.048780
0.173913
0.206128
0.041667
0.000000
0.000000
0.000000
0.381818
0.000000
0.475728
0.646789
0.000000
0.000000
0.000000
0.000000
0.236220
0.000000
0.042553
0.000000
0.000000
0.000000
0.503788
0.180180
0.224852
0.000000
0.000000
0.000000
0.000000
0.204301
0.564267
0.000000
0.000000
0.427984
0.228070
0.076923
0.033708
0.359873
0.000000
0.000000
0.314879
0.000000
0.164740
0.000000
0.176471
0.000000
0.088235
0.000000
0.000000
0.000000
0.002008
0.000000
0.000000
0.176166
0.143969
0.000000
0.282609
0.010753
0.000000
0.000000
0.090909
0.308057
0.096591
0.000000
0.000000
0.502591
0.213873
0.022727
0.007353
0.000000
0.000000
0.455497
0.657744
0.379679
0.000000
0.092150
0.054974
0.000000
0.127451
0.000000
0.400000
0.160643
0.000000
0.154545
0.000000
0.000000
0.175676
0.003676
0.000000
0.000000
0.000000
0.000000
0.000000
0.000000
0.000000
0.000000
0.000000
0.002874
0.000000
0.024024
0.000000
0.445000
0.000000
0.000000
0.000000
0.008287
0.529167
0.000000
0.148000
0.000000
0.302703
0.000000
0.000000
0.000000
0.000000
0.202073
0.000000
0.000000
0.343195
0.000000
0.000000
0.043478
0.000000
0.434316
0.363420
0.397436
0.000000
0.271472
0.000000
0.287260
0.621170
0.116531
0.000000
0.000000
0.000000
0.225627
0.000000
0.267677
0.000000
0.000000
0.000000
0.138790
0.273171
0.000000
0.000000
0.000000
0.000000
0.000000
0.000000
0.035461
0.000000
0.000000
0.000000
0.000000
0.348123
0.000000
0.000000
0.000000
0.000000
0.123288
0.116147
0.001969
0.034483
0.000000
0.000000
0.000000
0.000000
0.671958
0.417778
0.000000
0.000000
0.146179
0.343915
0.595669
0.000000
0.118299
0.000000
0.394137
0.000000
0.000000
0.370258
0.000000
0.000000
0.000000
0.000000
0.137652
0.000000
0.000000
0.000000
0.000000
0.000000
0.000000
0.000000
0.000000
0.000000
0.000000
0.000000
0.158672
0.000000
0.141479
0.000000
0.150852
0.271955
0.000000
0.000000
0.318386
0.220339
0.000000
0.060948
0.000000
0.000000
0.000000
0.000000
0.101660
0.000000
0.000000
0.000000
0.140212
0.000000
0.000000
0.000000
0.000000
0.000000
0.000000
0.000000
0.000000
0.100000
0.293617
0.100000
0.000000
0.000000
0.000000
0.275362
0.373518
0.000000
0.149408
0.000000
0.000000
0.000000
0.018519
0.000000
0.075188
0.000000
0.000000
0.156250
0.000000
0.000000
0.000000
0.000000
0.000000
0.000000
0.717281
0.052632
0.000000
0.000000
0.365591
0.029787
0.000000
0.000000
0.000000
0.006250
0.000000
0.000000
0.000000
0.742739
0.000000
0.000000
0.000000
0.000000
0.000000
0.000000
0.049550
0.000000
0.000000
0.000000
0.132022
0.000000
0.000000
0.000000
0.000000
0.000000
0.274744
0.000000
0.000000
0.000000
0.000000
0.281081
0.000000
0.307263
0.071429
0.000000
0.000000
0.000000
0.000000
0.152381
0.000000
0.000000
0.207965
0.000000
0.000000
0.000000
0.045455
0.130037
0.251121
0.135714
0.000000
0.212245
0.000000
0.122807
0.000000
0.001890
0.000000
0.118090
0.000000
0.066986
0.415493
0.000000
0.000000
0.000000
0.289216
0.234899
0.000000
0.000000
0.000000
0.110825
0.000000
0.000000
0.152439
0.233141
0.000000
0.340996
0.000000
0.000000
0.231132
0.092150
0.052632
0.281046
0.000000
0.341513
0.290640
0.068069
0.000000
0.249158
0.000000
0.000000
0.000000
0.265909
0.322917
0.000000
0.000000
0.116651
0.000000
0.000000
0.000000
0.000000
0.415406
0.469388
0.000000
0.000000
0.000000
0.000000
0.000000
0.000000
0.000000
0.000000
0.000000
0.000000
0.123426
0.000000
0.315217
0.000000
0.000000
0.000000
0.000000
0.000000
0.000000
0.335556
0.124473
0.000000
0.000000
0.000000
0.000000
0.000000
0.000000
0.107649
0.000000
0.000000
0.369318
0.000000
0.217573
0.000000
0.000000
0.045455
0.000000
0.000000
0.488595
0.009434
0.000000
0.000000
0.000000
0.000000
0.136364
0.167969
0.000000
0.219388
0.000000
0.000000
0.000000
0.000000
0.095238
0.000000
0.000000
0.017857
0.014493
0.000000
0.569052
0.000000
0.000000
0.000000
0.000000
0.000000
0.000000
0.232353
0.000000
0.000000
0.005319
0.000000
0.000000
0.009901
0.135468
0.000000
0.000000
0.424444
0.000000
0.000000
0.114967
0.000000
0.000000
0.004032
0.000000
0.000000
0.000000
0.000000
0.000000
0.000000
0.000000
0.000000
0.000000
0.010929
0.000000
0.000000
0.000000
0.226351
0.000000
0.000000
0.167213
0.333648
0.003509
0.175637
0.000000
0.364583
0.000000
0.000000
0.000000
0.000000
0.000000
0.000000
0.000000
0.000000
0.000000
0.000000
0.000000
0.000000
0.082290
0.000000
0.000000
0.000000
0.000000
0.000000
0.389860
0.000000
0.000000
0.000000
0.000000
0.541735
0.000000
0.000000
0.365452
0.000000
0.000000
0.128571
0.000000
0.000000
0.000000
0.066667
0.000000
0.464020
0.000000
0.000000
0.000000
0.000000
0.058824
0.275492
0.000000
0.000000
0.228070
0.146154
0.129310
0.000000
0.277008
0.000000
0.011628
0.000000
0.469945
0.549828
0.000000
0.000000
0.000000
0.000000
0.288368
0.000000
0.219424
0.138655
0.000000
0.000000
0.000000
0.112766
0.280000
0.000000
0.000000
0.284444
0.000000
0.000000
0.328571
0.476923
0.000000
0.000000
0.000000
0.647860
0.000000
0.000000
0.597260
0.034483
0.000000
0.000000
0.007299
0.000000
0.004673
0.002415
0.000000
0.000000
0.000000
0.000000
0.000000
0.000000
0.000000
0.151880
0.000000
0.000000
0.000000
0.000000
0.000000
0.324138
0.000000
0.000000
0.000000
0.176871
0.003460
0.000000
0.000000
0.106061
0.000000
0.000000
0.000000
0.000000
0.343396
0.000000
0.026490
0.000000
0.000000
0.000000
0.000000
0.000000
0.000000
0.202759
0.000000
0.525253
0.000000
0.000000
0.000000
0.000000
0.000000
0.000000
0.118497
0.113744
0.000000
0.100457
0.000000
0.050000
0.000000
0.000000
0.000000
0.084444
0.000000
0.000000
0.007874
0.024390
0.074205
0.167832
0.000000
0.000000
0.000000
0.011765
0.000000
0.000000
0.504160
0.000000
0.000000
0.055556
0.000000
0.000000
0.000000
0.000000
0.000000
0.000000
0.000000
0.000000
0.000000
0.000000
0.219565
0.000000
0.000000
0.000000
0.000000
0.000000
0.000000
0.000000
0.000000
0.358621
0.000000
0.395990
0.000000
0.000000
0.000000
0.000000
0.000000
0.000000
0.000000
0.003401
0.000000
0.000000
0.000000
0.000000
0.000000
0.355932
0.000000
0.013514
0.000000
0.005814
0.106849
0.000000
0.090909
0.000000
0.000000
0.000000
0.052632
0.000000
0.000000
0.312102
0.000000
0.311688
0.000000
0.071429
0.028986
0.290323
0.000000
0.000000
0.000000
0.000000
0.000000
0.000000
0.000000
0.000000
0.381193
0.000000
0.000000
0.000000
0.000000
0.000000
0.000000
0.000000
0.284224
0.000000
0.000000
0.416272
0.000000
0.000000
0.000000
0.194444
0.000000
0.000000
0.000000
0.208738
0.000000
0.000000
0.076923
